.Random.seed <-
c(403L, 10L, 1630801780L, -696773769L, 1384473709L, -833594620L, 
-63921622L, 18370453L, 1064096815L, -755045066L, -737594016L, 
457290659L, -1592191807L, 1010668720L, 193704910L, -387279047L, 
-1574426805L, -894708486L, 922521084L, -1504043457L, -1476713707L, 
1061888044L, -1005838078L, -2125018659L, -1023878953L, -1785699394L, 
1626940920L, 379666907L, 570495033L, -1721947768L, 967836982L, 
426180465L, 502574499L, 1912418546L, 83831876L, -1034529017L, 
-1841580323L, -1018546220L, -78559494L, -1544603067L, 1636973215L, 
703649830L, 795086000L, 992320851L, 112691313L, -448293472L, 
-29243074L, -1451959L, 100822267L, -1472248630L, 1856993836L, 
1865252399L, 665206501L, -882003044L, -135178766L, -764030867L, 
717273511L, 1949723598L, -1886154456L, -574827733L, -1518259895L, 
1532708440L, -783182074L, 141824737L, 424195699L, 906567394L, 
-1452826028L, 1197050711L, 1353396045L, -1626664220L, -824788278L, 
92795701L, -1179141745L, -2067026282L, 1403768384L, 1271633667L, 
-623620319L, 922187792L, 758095854L, -941973607L, 238618667L, 
-1801818854L, 551206876L, 1092264415L, 1819633077L, 178381644L, 
1536770466L, -2008256259L, 421969399L, 341134110L, -1950902824L, 
-1884827845L, 1188825305L, -1137867672L, -1184507498L, -1485412079L, 
305523395L, 438788818L, 489988964L, -967276889L, 496029693L, 
-599225868L, 1376917210L, -1671575515L, -617069249L, 1609632454L, 
1663985488L, 1785763699L, 1093032337L, -1836356672L, 1537564062L, 
-842887319L, -803353701L, 1765773994L, -1668907828L, -1306008177L, 
-1365999163L, -553458308L, 1070099922L, 832756045L, -1847448569L, 
439110638L, -2144415032L, 363294155L, -2110928855L, 1966517880L, 
-1954763866L, 1639546305L, -2057938349L, -1836347134L, 222107700L, 
-1180532297L, -1697512019L, -1338827068L, -347540758L, 745293141L, 
-1868432657L, 1357031670L, 580716576L, 2135153123L, -2020291967L, 
624731376L, -1712481394L, 1426060537L, -128852341L, 615681722L, 
275071420L, -1101769985L, -2110134699L, -1726135956L, -1613913662L, 
589494813L, -1667349865L, 2142964734L, -1464203336L, 589347739L, 
1251877369L, 117412168L, -319746954L, -2101036623L, 625002467L, 
1578644658L, -2104829692L, -1018404281L, -1848310499L, -309181548L, 
328374074L, 738474885L, -703156129L, -74804506L, 1564473712L, 
-834862445L, 1863785265L, 832965088L, 2029620862L, 1014387977L, 
1800587067L, 1844920074L, -2063343892L, 1734290287L, -1645658971L, 
1946525276L, -1567353294L, 1949099309L, -99961881L, 140079886L, 
-553470744L, -1584222485L, -129663095L, 457169688L, -2125361594L, 
-705151327L, 325673267L, -513888094L, -1627193452L, -151589353L, 
400538125L, -2102661340L, -1620157686L, 512366197L, 415122895L, 
1827532502L, 814666368L, -1384448829L, 467728993L, 719532752L, 
1286439982L, 509209049L, 1856673259L, -2066694054L, 40170012L, 
-1989975265L, -1333971083L, 1647484428L, 1524131810L, 449391805L, 
-1128928457L, 230642654L, -620965608L, -1351134085L, 1551198745L, 
649271976L, 1848373334L, -1966019375L, 1909160067L, 682732306L, 
-590188892L, -311625113L, -1674914883L, 401142212L, 702955864L, 
567219578L, 1546211760L, -1765433412L, -1073213356L, 1079399362L, 
1766112288L, -730415940L, -340487600L, -1333782558L, -1159303576L, 
1266129484L, 812183804L, -2112012302L, 1188844800L, 729960308L, 
1874329608L, -2109506118L, -1771952688L, -1302823956L, 1028038548L, 
-574352430L, 1771702112L, 2096135500L, -1978082016L, 1480827778L, 
2115039976L, 1988068588L, -1259126212L, 888300402L, -382682512L, 
767348772L, 1627332408L, -519863142L, 1251367632L, -591132484L, 
791197332L, 1486646914L, -1910260544L, 997019964L, -1058985840L, 
940081698L, 1083923976L, -2052933364L, 1424231068L, 1884743186L, 
1721623936L, 1225086484L, -442921432L, 977622330L, 1964226512L, 
-1573076372L, 1989021492L, 1121983122L, -1063274144L, -784430772L, 
931790816L, -1596541022L, -1115156568L, -1767054452L, -1474824516L, 
469203826L, -788490000L, -991334332L, -800572072L, 1184408634L, 
919673712L, -1952183236L, -74300652L, -1242398270L, 1381359840L, 
908707708L, -1105832240L, -1268652382L, -446125016L, 1030525196L, 
1652837308L, 1467161906L, 1441593280L, 1341510196L, -2023367736L, 
1064793274L, -146980976L, 1539534316L, 1502064724L, 2022387346L, 
-1765944544L, -691919412L, 401374176L, 725547714L, 302451240L, 
-1688443220L, 676383420L, 1063324146L, -1130645200L, 1159584932L, 
724056760L, 874034010L, 1745319312L, 2141938044L, 90916116L, 
-1009553086L, -595993856L, 2113661884L, -445779120L, 1634646306L, 
637263176L, 258103308L, 1358159964L, -1564705582L, -1994369024L, 
-1073939628L, 1119230440L, -873148422L, 1717341904L, 367949100L, 
-1603370764L, -15878254L, -1619010464L, -43922164L, -1340948768L, 
-1482867358L, -867556696L, -1421030836L, -451901572L, -1341895886L, 
628749936L, 2126323012L, 1670462424L, -1169096582L, 523580976L, 
-186817860L, -2046163116L, -710036926L, -86383712L, 2104680636L, 
-1933420080L, -3119774L, -941208600L, -269037620L, -962816260L, 
-910774286L, -718783360L, 2039625972L, 46146696L, -1720466118L, 
1099952976L, -2104427412L, -1525051244L, -1536362158L, -1893865760L, 
-241213236L, -897535840L, 1309913474L, -103100184L, -176402196L, 
1531768892L, 1208193138L, -958334864L, -1116423644L, 1452986936L, 
-2051399142L, 1570662608L, 597792316L, -2048420716L, -358431614L, 
1506799552L, 1669522748L, 1662924432L, 778177570L, -592656376L, 
236090508L, -724117476L, 1744143506L, -789164928L, -619602924L, 
-1163287768L, -1125995462L, -264975152L, -1732252564L, -429386060L, 
-1798815726L, -584839200L, -555338804L, 1587221984L, -1342063582L, 
-493079256L, -1163058932L, 1098493500L, 1054725362L, 82270448L, 
-1424857276L, 237154392L, 1397185082L, 161876208L, -707554628L, 
-1049861612L, 1766980802L, -678656416L, 2007496060L, 243965136L, 
2001136674L, -175130456L, 1665760652L, -201688644L, 1355266098L, 
1799539520L, 1397888692L, 659714376L, -124935494L, -852994288L, 
744851692L, -376719276L, -1176916206L, -805662304L, -1534808116L, 
1438496608L, 148366530L, -1443680728L, 620865964L, 1655563068L, 
1694061426L, -1059031248L, -1594832860L, 1691852344L, -1972968742L, 
-468939936L, 428321598L, -1720564725L, 1088636045L, 703149498L, 
-1154999304L, -575408223L, 2045186387L, 1563275380L, -1543060990L, 
1505287319L, -1306304927L, -350239066L, 985247396L, 1927187285L, 
228157439L, -1904920936L, 1887910838L, 740470851L, -510097019L, 
1367448098L, 1988874512L, 707014841L, 451474795L, -560354212L, 
-354778742L, -162937473L, 911689929L, -1351381666L, -833368564L, 
-2010881571L, -35282713L, -282946288L, 414481454L, 863453915L, 
1910100925L, 399781162L, 2107994568L, -678392079L, -468033437L, 
-11987868L, -1709254766L, -51086233L, 866128945L, 1339186550L, 
1554627220L, -512751451L, 550014383L, -1060096408L, -1337823674L, 
-391402509L, 845781845L, 1722357042L, 1782642944L, -779656727L, 
-736209829L, 979881644L, 469321914L, 2134008431L, -871796743L, 
426471054L, -1344159908L, -1457110067L, -528547017L, 1681791424L, 
-538046818L, -202467477L, 660410093L, 760216410L, -1060366312L, 
1556133249L, 241255219L, -915762860L, -1838394526L, 2027671543L, 
-298594239L, -1650928442L, 1603506692L, -173793867L, 729924255L, 
-394923272L, -1780873514L, -1199352989L, -842269915L, -964269886L, 
1139721648L, -690985511L, -618245301L, 79483324L, 604836330L, 
-707254753L, 325850281L, 864037950L, 450827564L, -1924534403L, 
-1089729081L, -709486416L, 1387685582L, -1477964805L, 1099746397L, 
-1316756598L, 1544979368L, 1230008593L, -216410109L, -1207973116L, 
-777939150L, -1254009465L, 1095375825L, -1503648426L, 1114127156L, 
1475229253L, -721894769L, 1713916936L, 648095782L, 1460938963L, 
958462517L, -1315374702L, -1008317088L, 1385440457L, -2047576069L, 
1631795148L, -1563243942L, 5334863L, -488974823L, 695571502L, 
-607532484L, 52684717L, 756060247L, -1693948512L, 1825498878L, 
679261643L, 208618445L, 549357306L, -1059975880L, 827774689L, 
-396486253L, -1666145868L, -161398078L, 1054229207L, -550739167L, 
1883480806L, -1361501212L, 1872896789L, -1580487873L, -1607549224L, 
